$ANSIBLE_VAULT;1.1;AES256
36363361353039373530613466313164323930393937376631623937653632663638316233393232
3264363861323264383135376635656563323336626534650a393837643536303938383235666366
37653364363432363464326664666130653064613932663236616634643034643737313564326638
3736356432376363630a656336303663656664633565303365356337386632353532333164626531
62333061303437363933643738643561363630326563653564613037663534666362366436663862
33383862383239336439303331666232663533343638633762373039386538643138616334356362
64353734663465336433613162306239353433666164326435373634626532373337656661323564
36666636303134343463626463313136346163616631346565383839336334666532633662393037
34323461626162356332343561663631313065663339363137326632376539656561626265646536
65653464303937373233373861663664356330346662643034323134656339353961343638303561
37656362326165366461393165393736343463306531313338383639633763383032613065633935
62396130666666633031326166653536336664636364633962336538663834386236306630363765
63383562626365353966363831633663643739643732373763363063323438396435613038376331
33643764343733363631356132663563363465393633373962303434303666343638316163343663
34383533376266343132356334313561313939653433653136633735383434653363396138383464
37643765663536656364336433656337643636303366643139303137633562646339643038663964
32616462353138356133636231663537383031393231386636326632353432653261316431313336
62366635646130353562623739346530626662353736303235396532623236323038336439653437
61333864323263613835623834346333303439653562333363663563636235353064333165363636
34623530636538633739323737633731613262376635666666383063623137613634396263666461
62376562633039333964393339333437646138666531623635313365363736353532613764633834
33303534633666383435333366303638663739303738316561313663663737333439663034383037
63336432333764323033363832623139343038343438353235306463346138653937316433336163
61366566393963376535353730636137333638303932346364636133653832326464343636666532
3236
