$ANSIBLE_VAULT;1.1;AES256
36633363306234353634613238376437653037353834626233623432306436653864623535323734
6332353235313863373030666433616332386363323032340a366236623763343335316165666132
34616138373130333363313738353465336330323031646639623834303939316165326335306266
3131353837663465390a663232613866633231353866623962353435343561323361616662353635
65343733313862633430376133333739336365326433666339313337626136623834343562376262
39633138333831373665336539373363313839626231346331643164306230336236656464626134
34656539306638336134623363306331653465666164383863613131356566653132636262393030
30613237333030383334386164383262366230623535653337633265303964633637373634653730
37336138623465623931616462626662613331396365383862306235336235643265393763326139
35363039643233666534333530613363636338353065333366613561633238376366303933383930
64303464306136663139383865323066613863356661636462656566303532373834356536333263
64346431613639303361363563313137613366353763636661636437363932613330393765656661
36656239353231663466383231303766326264343766393265633330383165613133643035366265
33663265313332363738636336396435336332333535626130333930346431333439313966393234
32626364393530613636383931333963343564396539623364333038333164336333663335666261
33646137373166643334
